%YAML:1.0
---
image_width: 1920
image_height: 1080
camera_matrix: !!opencv-matrix
   rows: 3
   cols: 3
   dt: f
   data: [ 1037.8757091942668, 0.0, 587.7838174737719,
      0.0, 1033.0831396886945, 290.845387855431,
      0.0, 0.0, 1.0 ]
distortion_coefficients: !!opencv-matrix
   rows: 1
   cols: 5
   dt: f
   data: [ 0.08762760936922191, 0.09621197556956804, -0.006527232021831489, -0.008168227042642766, -0.5678927409651163 ]
